20 3

20 60 13 60 72 93 40 55 79 72 30 6 7 88 3 39 28 53 25 33 
60 84 10 50 3 47 68 25 77 28 23 31 5 98 89 9 81 85 29 70 
13 10 63 32 86 17 48 24 40 48 19 44 14 13 41 51 36 44 7 70 
60 50 32 63 44 27 55 69 44 82 4 28 26 36 77 50 37 47 92 8 
72 3 86 44 61 97 72 65 27 80 81 12 20 57 67 54 90 92 2 73 
93 47 17 27 97 72 11 27 41 42 93 55 3 50 32 28 71 99 96 100 
40 68 48 55 72 11 68 97 31 95 65 42 81 37 91 38 23 8 5 19 
55 25 24 69 65 27 97 32 62 34 35 95 46 34 21 21 32 45 74 63 
79 77 40 44 27 41 31 62 22 83 32 96 60 31 79 99 25 43 85 33 
72 28 48 82 80 42 95 34 83 73 84 46 50 81 32 30 42 67 29 53 
30 23 19 4 81 93 65 35 32 84 20 23 1 27 90 94 14 13 49 23 
6 31 44 28 12 55 42 95 96 46 23 44 76 79 97 20 18 72 34 17 
7 5 14 26 20 3 81 46 60 50 1 76 80 47 59 37 39 1 47 42 
88 98 13 36 57 50 37 34 31 81 27 79 47 54 35 99 3 57 69 9 
3 89 41 77 67 32 91 21 79 32 90 97 59 35 8 87 40 55 27 94 
39 9 51 50 54 28 38 21 99 30 94 20 37 99 87 69 62 60 94 63 
28 81 36 37 90 71 23 32 25 42 14 18 39 3 40 62 43 98 11 93 
53 85 44 47 92 99 8 45 43 67 13 72 1 57 55 60 98 78 1 87 
25 29 7 92 2 96 5 74 85 29 49 34 47 69 27 94 11 1 4 20 
33 70 70 8 73 100 19 63 33 53 23 17 42 9 94 63 93 87 20 41 

34 28 24 36 42 1 17 14 2 20 35 23 20 30 48 20 28 2 20 41 
38 46 46 26 2 6 42 50 1 1 37 27 46 28 37 8 10 12 38 37 
10 49 46 15 9 8 8 46 17 6 11 38 16 17 16 46 28 3 41 40 

292 403 357 
