20 3

99 25 30 5 51 95 82 34 73 70 5 79 9 41 5 90 88 16 76 24 
25 62 29 80 100 38 95 91 92 85 57 26 34 52 46 85 71 25 29 83 
30 29 71 45 20 1 9 65 31 29 98 80 94 66 50 72 80 34 4 32 
5 80 45 8 90 55 47 27 44 3 23 32 41 65 40 22 5 45 14 71 
51 100 20 90 58 31 97 72 51 62 65 34 38 57 75 17 77 51 100 30 
95 38 1 55 31 98 41 70 93 22 2 53 12 56 48 60 19 74 25 23 
82 95 9 47 97 41 23 63 42 83 28 78 44 64 30 34 2 14 22 66 
34 91 65 27 72 70 63 2 9 55 19 72 31 48 4 39 67 54 100 69 
73 92 31 44 51 93 42 9 76 26 40 89 86 46 86 84 96 99 72 49 
70 85 29 3 62 22 83 55 26 81 6 4 49 23 62 21 91 57 6 40 
5 57 98 23 65 2 28 19 40 6 3 79 90 62 21 15 82 29 92 48 
79 26 80 32 34 53 78 72 89 4 79 99 13 29 76 77 27 39 33 98 
9 34 94 41 38 12 44 31 86 49 90 13 42 39 25 45 100 75 99 25 
41 52 66 65 57 56 64 48 46 23 62 29 39 22 69 43 91 6 87 32 
5 46 50 40 75 48 30 4 86 62 21 76 25 69 77 46 89 11 58 23 
90 85 72 22 17 60 34 39 84 21 15 77 45 43 46 99 34 57 62 62 
88 71 80 5 77 19 2 67 96 91 82 27 100 91 89 34 84 87 78 17 
16 25 34 45 51 74 14 54 99 57 29 39 75 6 11 57 87 27 7 77 
76 29 4 14 100 25 22 100 72 6 92 33 99 87 58 62 78 7 88 11 
24 83 32 71 30 23 66 69 49 40 48 98 25 32 23 62 17 77 11 28 

9 15 41 47 17 40 43 30 26 38 10 10 4 7 44 14 36 40 18 5 
32 17 29 22 24 6 43 8 8 36 17 15 22 33 12 37 39 45 29 25 
42 28 3 9 6 36 32 16 37 8 5 44 13 42 19 30 36 40 26 40 

251 174 262 
