20 3

79 88 26 80 10 19 50 41 66 23 45 41 54 63 53 43 6 95 27 68 
88 95 28 55 42 70 86 72 77 31 2 15 7 82 42 81 96 45 87 36 
26 28 19 3 81 34 13 19 19 71 64 99 6 26 23 24 3 33 29 11 
80 55 3 29 34 91 64 46 62 48 19 64 45 74 19 17 28 65 70 73 
10 42 81 34 22 59 48 6 80 100 42 80 4 46 4 51 87 28 28 82 
19 70 34 91 59 60 95 50 86 37 54 45 28 71 89 31 81 46 91 37 
50 86 13 64 48 95 6 93 45 80 14 26 35 82 50 54 36 51 31 59 
41 72 19 46 6 50 93 51 44 42 49 52 90 38 70 75 60 65 13 2 
66 77 19 62 80 86 45 44 51 100 12 13 45 2 7 40 16 8 90 93 
23 31 71 48 100 37 80 42 100 18 44 15 49 7 97 7 68 93 19 17 
45 2 64 19 42 54 14 49 12 44 16 92 49 60 78 17 26 82 42 63 
41 15 99 64 80 45 26 52 13 15 92 30 51 36 5 11 93 96 9 86 
54 7 6 45 4 28 35 90 45 49 49 51 21 79 56 87 4 95 22 87 
63 82 26 74 46 71 82 38 2 7 60 36 79 22 73 88 74 71 31 13 
53 42 23 19 4 89 50 70 7 97 78 5 56 73 64 64 75 46 52 71 
43 81 24 17 51 31 54 75 40 7 17 11 87 88 64 57 36 41 31 14 
6 96 3 28 87 81 36 60 16 68 26 93 4 74 75 36 17 39 76 92 
95 45 33 65 28 46 51 65 8 93 82 96 95 71 46 41 39 62 37 73 
27 87 29 70 28 91 31 13 90 19 42 9 22 31 52 31 76 37 58 46 
68 36 11 73 82 37 59 2 93 17 63 86 87 13 71 14 92 73 46 62 

41 3 23 45 29 47 34 4 42 32 15 30 44 8 34 18 24 43 31 38 
19 21 21 21 21 15 21 3 2 1 40 19 28 40 48 21 27 6 3 44 
25 24 7 8 49 48 49 23 33 44 23 1 8 36 22 17 6 10 15 18 

471 148 57 
