20 3

64 24 77 12 58 55 88 19 75 48 4 1 21 75 86 76 29 30 30 21 
24 82 80 77 24 21 10 83 16 64 58 79 96 82 42 44 16 30 58 62 
77 80 56 80 65 34 48 59 37 79 73 98 53 21 69 61 50 24 36 56 
12 77 80 51 11 29 11 76 79 26 93 89 49 39 83 32 66 44 26 69 
58 24 65 11 1 48 28 37 66 78 24 47 52 1 19 9 93 36 94 98 
55 21 34 29 48 14 35 37 13 79 22 34 72 54 61 25 47 61 73 30 
88 10 48 11 28 35 76 53 57 90 13 17 84 86 88 75 91 6 87 17 
19 83 59 76 37 37 53 43 28 9 42 29 98 78 61 23 44 3 74 5 
75 16 37 79 66 13 57 28 23 41 95 54 29 42 19 49 67 23 74 77 
48 64 79 26 78 79 90 9 41 50 12 8 79 90 71 20 13 46 21 23 
4 58 73 93 24 22 13 42 95 12 45 92 87 98 3 55 68 64 62 47 
1 79 98 89 47 34 17 29 54 8 92 92 97 61 74 6 75 53 9 13 
21 96 53 49 52 72 84 98 29 79 87 97 12 51 20 40 100 43 78 7 
75 82 21 39 1 54 86 78 42 90 98 61 51 72 69 13 91 81 8 40 
86 42 69 83 19 61 88 61 19 71 3 74 20 69 61 86 90 34 1 74 
76 44 61 32 9 25 75 23 49 20 55 6 40 13 86 21 64 93 88 18 
29 16 50 66 93 47 91 44 67 13 68 75 100 91 90 64 67 79 35 65 
30 30 24 44 36 61 6 3 23 46 64 53 43 81 34 93 79 12 52 79 
30 58 36 26 94 73 87 74 74 21 62 9 78 8 1 88 35 52 47 91 
21 62 56 69 98 30 17 5 77 23 47 13 7 40 74 18 65 79 91 34 

27 10 2 14 32 30 46 6 31 48 47 32 36 14 27 17 28 1 12 6 
25 38 42 48 21 23 9 8 12 48 15 39 7 48 40 33 16 48 2 12 
17 28 35 23 47 7 44 13 5 50 4 3 15 47 11 31 4 14 5 16 

421 375 354 
