10 2

10 50 54 46 95 86 83 80 93 36 
50 44 35 61 12 10 19 21 37 18 
54 35 23 10 59 31 93 47 97 51 
46 61 10 60 67 56 61 13 90 63 
95 12 59 67 98 90 57 17 73 38 
86 10 31 56 90 42 79 19 40 29 
83 19 93 61 57 79 22 47 22 59 
80 21 47 13 17 19 47 97 12 94 
93 37 97 90 73 40 22 12 93 16 
36 18 51 63 38 29 59 94 16 92 

44 17 18 43 5 16 44 9 16 50 
43 21 44 1 5 40 22 49 1 50 

200 141 
