10 2

5 70 70 94 38 35 29 11 46 25 
70 76 95 33 60 71 49 88 93 16 
70 95 65 10 59 75 35 41 19 46 
94 33 10 20 73 77 88 37 66 70 
38 60 59 73 42 14 59 57 78 56 
35 71 75 77 14 99 1 34 70 8 
29 49 35 88 59 1 92 43 13 60 
11 88 41 37 57 34 43 29 5 90 
46 93 19 66 78 70 13 5 50 2 
25 16 46 70 56 8 60 90 2 98 

22 24 7 8 35 47 6 17 12 30 
36 15 14 27 18 29 40 10 3 49 

57 190 
