10 2

73 95 32 3 59 99 59 3 61 46 
95 8 82 73 78 6 8 42 3 26 
32 82 16 87 32 42 94 71 30 46 
3 73 87 78 10 8 25 39 89 82 
59 78 32 10 75 7 78 23 70 99 
99 6 42 8 7 72 63 65 43 99 
59 8 94 25 78 63 15 9 89 86 
3 42 71 39 23 65 9 32 74 97 
61 3 30 89 70 43 89 74 90 14 
46 26 46 82 99 99 86 97 14 83 

31 31 49 32 18 21 30 4 35 47 
38 7 9 11 43 12 23 7 18 31 

273 148 
